id 11002
title 系ぎて
artist Rintaro Soma
level Re:MASTER
music /tracks/tsunagite.mp3
cover https://silentblue.remywiki.com/images/f/ff/Tsunagite.png
des BEYOND THE MEMORIES
delay 800

88.8bpm
128 ,6,
64 7,,,
16 ,,,
78.8bpm
4 ,,
88.8bpm
4 ,
1 ,
4 ,,
78.8bpm
4 6,
68.8bpm
4 ,
88.8bpm
64 7,6,7,6,,,,,
8 7,,,6,7,6,,
16 7,6,7,6,,7,6,7,,,,
64 6,7,,,,,,,,,,,,,,,,,,,
16 6,7,6,7,,6,7,6,,,,
64 7,6,,,,,,,,,,,,,,,,,,,
16 7,6,7,6,,7,6,7,,,,
64 6,7,,,,,,,,,,,,,,,,,,,
16 6,7,6,7,,6,7,6,,7,6,
32 7,6,
16 7,6,7,6,7,6,7,6,7,6,7,6,7,
32 6,7,6,7,6,7,
16 6,7,6,7,,6,7,6,7,6,7,6,
48 7,6,7,6,7,6,7,6,7,6,7,6,7,6,7,6,7,6,7,6,7,6,7,6,
16 ,7,6,7,6,7,6,7,
32 6,7,6,7,6,7,6,7,6,7,6,7,6,,,,7,6,7,6,7,6,7,6,,7,6,7,6,7,6,7,
16 6,,,
64 7,6,7,6,
16 7,6,7,,
96 6,7,6,
16 7,
96 6,7,6,
16 7,
96 6,7,6,7,,,6,,7,,6,,
16 7,
96 6,7,6,
16 7,
96 6,7,6,
16 7,
96 6,7,6,7,,,6,,7,,6,,
16 7,6,,7,,
96 6,7,6,
16 7,
96 6,7,6,
16 7,
96 6,7,6,7,,,6,,7,,6,,
16 7,
96 6,7,6,
16 7,
96 6,7,6,
16 7,
96 6,7,6,7,,,6,,7,,6,,
16 7,6,7,
32 6,7,6,7,
16 6,7,6,7,6,7,6,7,6,7,6,7,
78.8bpm
16 6,7,6,7,6,7,
68.8bpm
16 6,,
58.8bpm
16 7,
48.8bpm
16 6,
38.8bpm
16 7,
88.8bpm
48 6,7,6,
2 7,
16 ,,,,,,,,,,,,,6,7,,6,,,,,,,,,,,,7,6,,,7,,6,
32 7,6,7,6,
16 7,6,7,,6,
32 7,6,
16 7,6,7,6,7,,6,7,6,,7,6,7,,6,7,6,7,,6,,
32 7,6,7,6,7,6,7,6,7,6,7,6,7,6,7,6,7,6,7,6,7,6,7,6,7,6,7,6,7,,,,
16 6,7,6,
32 7,6,7,6,
16 7,6,7,,6,
32 7,6,
16 7,6,,,,
12 7,,,6,7,6,
24 7,6,7,6,7,6,7,6,7,6,7,6,
16 ,,,,,,,,,,,,,,,,7,,6,,,7,6,7,6,,,,,,7,,
48 6,7,6,7,6,7,6,7,6,7,6,7,6,7,6,7,6,7,6,7,6,7,6,7,6,7,6,7,6,7,6,7,6,7,6,7,6,7,6,7,6,7,6,7,6,7,6,7,6,7,6,7,6,7,6,7,6,7,6,7,6,7,6,7,6,7,6,7,6,7,6,7,
8 ,6,7,6,
48 7,
96 6,7,6,,7,,6,,7,,6,,7,,6,,7,,6,,7,,6,,7,6,7,,6,,7,,6,,7,,6,,7,,6,,7,,6,,7,,6,7,6,,7,,6,,7,,6,,7,,6,,7,,6,,7,,6,,7,6,7,,6,,7,,6,,7,,6,,7,,6,,7,,6,,7,,6,7,6,,7,,6,,7,,6,,7,,6,,7,,6,,7,,6,,7,6,7,,6,,7,,6,,7,,6,,7,,6,,7,,6,,7,,,,6,,,,7,,,,
8 6,
24 7,6,7,6,,,
48 7,6,7,6,7,6,7,6,7,6,7,6,7,6,7,6,7,6,7,6,7,6,7,6,7,6,7,6,7,6,7,6,7,6,7,6,7,6,7,6,7,6,7,6,7,6,7,6,7,6,7,6,7,6,7,6,7,6,7,6,7,6,7,6,7,6,7,6,7,6,7,6,
8 ,,,7,
1 ,6,
8 ,,7,6,,,,,,,7,6,,,,,,,7,6,,,,,,7,6,,7,,,,
177.6bpm
8 ,6,7,,6,7,,6,7,,6,7,6,,7,,,6,7,,6,7,,6,7,6,,,,,,,,7,,6,,7,,6,,7,,6,7,6,7,6,
16 7,6,7,6,7,6,7,6,
32 7,6,7,6,
16 7,6,
32 7,6,7,6,
16 7,6,
1 ,7,,,,
4 ,,6,,7,,6,,7,,6,7,
32 6,7,6,7,6,7,6,7,6,7,6,7,6,7,6,7,6,7,6,7,6,7,6,7,
4 6,
24 7,6,7,6,7,6,7,6,7,6,7,6,7,6,7,6,7,6,7,6,7,6,7,6,7,6,7,6,7,6,7,6,7,6,7,6,7,6,7,6,7,6,7,6,7,6,7,6,7,6,7,6,7,6,7,6,7,6,7,6,7,6,7,6,7,6,,7,6,7,6,7,
4 ,,6,,
32 7,6,7,6,7,6,7,6,7,6,7,6,7,6,7,6,
8 7,6,7,6,
32 7,6,7,6,7,6,7,6,7,6,7,6,7,6,7,6,
16 7,,,6,,,7,,
8 6,7,6,7,6,7,6,7,
16 6,7,6,7,6,7,6,7,6,7,6,7,,,,,
12 ,6,7,6,7,6,7,6,7,6,7,6,7,6,7,6,7,6,7,6,7,6,7,6,7,,,,6,7,6,,,,7,6,7,6,7,6,7,6,7,6,7,6,,,
4 ,
48 7,6,7,6,7,6,7,6,,7,6,7,6,7,6,7,,6,7,6,7,6,7,6,,7,6,7,6,7,6,7,6,7,6,7,6,,7,,6,,7,,6,,7,,6,,7,,6,,7,,6,,7,,6,,7,,6,,7,,6,,7,,6,,7,,6,,7,,6,,7,,
16 6,7,6,7,6,7,6,7,6,7,6,7,,6,7,6,
8 7,6,7,,,
32 6,7,6,7,
4 6,,
32 7,6,7,6,7,6,7,6,
4 ,
32 7,6,7,6,7,6,7,6,
16 7,,,,
32 6,7,6,7,6,7,6,7,
16 6,,,,7,6,7,6,
6 7,6,7,6,7,6,
24 7,6,7,,6,,7,,6,,7,,6,,,7,,,
32 6,7,6,7,6,,,,7,6,7,6,7,6,7,6,7,6,7,6,7,6,7,6,7,6,7,6,7,6,7,6,7,6,7,6,7,6,7,6,7,6,7,6,7,6,7,6,7,6,7,6,7,6,7,6,
24 7,6,7,6,7,6,7,6,7,6,7,6,
32 7,6,7,6,7,6,7,6,7,6,7,6,7,6,7,6,7,6,7,6,7,6,7,6,7,6,7,6,7,6,
48 7,6,7,
78.8bpm
16 ,,,,,,,,
58.8bpm
16 ,,,,6,,,7,
68.8bpm
4 6,,
6 ,
24 7,,,,,
58.8bpm
4 6,
48.8bpm
4 7,
96 6,7,6,7,6,7,