id 10007
title Xterfusion
artist REDALiCE × t+pazolite
level harder than 2085
music /tracks/xterfusion.opus
cover https://cdn.wikiwiki.jp/to/w/arcaea/Xterfusion/::ref/Xterfusion.jpg.webp?rev=6a08eaa875bc646f495c72439f96045e&t=20251030140817
des wzq2067
delay 0

256bpm
4 ,,,,,,6,7,
4 ,,6,,7,,,,,,6,,
1 ,,,
2 ,7,,,,6,,,,7,,,,6,,,,7,,,,,,,,
2 6,7,6,7,6,7,6,7,
4 6,7,6,7,6,7,6,7,
8 6,,7,,6,,7,,6,,,,,,
4 7,
4 6,7,6,7,6,7,6,7,6,7,6,7,6,7,6,7,6,7,6,7,6,7,6,7,
2 6,,
8 7,6,7,,6,,7,,
4 6,7,6,7,6,7,6,7,6,7,6,7,6,7,6,7,
8 6,7,6,7,6,,7,,6,7,6,7,6,,7,,
4 6,7,,,6,7,,,6,,,,,,,,
2 6,7,6,7,
4 6,7,6,7,6,7,6,7,
2 6,7,6,7,6,7,6,7,
4 6,7,6,7,6,7,6,7,6,7,6,7,6,7,6,7,6,7,6,7,6,7,6,7,6,7,,,6,7,,,6,
4 ,,,6,7,,,6,7,,,6,7,,,6,7,,,6,7,,,6,7,,,6,7,,,
2 6,7,6,7,6,7,6,7,
4 6,7,6,7,6,7,6,7,
4 6,7,6,7,
8 6,,7,6,,7,,,6,,7,6,,7,,,6,,7,6,,7,,,
260bpm
8 6,,,,7,,,,6,,7,,6,,,,
8 7,,,,6,,,,7,,6,,7,,,,
260bpm
16 6,,,,7,,,,,,6,,,,,,
8 7,,6,,7,,,,
16 6,,,,7,,,,,,6,,,,,,
8 7,,6,,7,,,,
270bpm
8 6,,,7,,,6,,
16 7,,,6,,,7,,6,,,,,,,,
8 7,,,6,,,7,,
16 6,,,7,,,6,,7,,,,,,,,
280bpm
8 6,7,,6,7,,6,7,
8 6,,7,,6,,,,
290bpm
8 7,6,,7,6,,7,6,
8 7,,6,,7,,,,
150bpm
8 6,7,6,,7,6,7,,
150bpm
8 6,7,6,,7,6,7,,
160bpm
8 6,7,6,7,6,7,6,7,
8 6,7,6,7,6,7,6,7,
170bpm
8 6,7,6,7,6,7,6,7,
8 6,7,6,7,6,7,6,7,
180bpm
4 6,7,6,7,
190bpm
4 6,7,6,7,
200bpm
4 6,7,6,7,
210bpm
4 6,7,6,7,
220bpm
4 6,7,6,7,
230bpm
4 6,7,6,7,
240bpm
4 6,7,6,7,
4 6,7,6,7,
250bpm
4 6,7,6,7,
4 6,7,6,7,
256bpm
1 6,
4 ,,6,7,
4 6,7,6,7,6,7,6,7,
4 6,7,6,7,6,7,6,7,
4 6,7,6,7,6,7,6,7,
8 6,,,,7,6,,7,,,,,
4 6,7,
4 6,7,6,7,6,7,6,7,
8 6,,,7,,6,,7,,,,,
4 6,7,
4 6,7,6,7,6,7,6,7,
4 6,7,6,7,6,7,6,7,
1 6,,,,,,7,,
4 6,7,,,6,7,,,6,7,,,6,7,,,
4 6,,7,,6,,7,,6,7,6,7,6,7,6,7,6,,7,,
4 6,7,6,7,6,7,6,7,
4 6,7,6,7,6,7,6,7,
4 6,7,6,7,6,7,6,7,
8 6,,,,7,6,,7,,,,,
4 6,7,
4 6,7,6,7,6,7,6,7,
4 6,7,6,7,6,7,6,7,
4 6,7,6,7,6,7,6,7,
4 6,7,6,7,
8 6,,,7,,,6,,7,,,6,,,7,,6,,,7,,,6,,7,,,6,,,7,,6,,
4 ,7,
1 ,,,,
4 ,6,